10025
10032
10051
10104
10107
10138
10145
10147
10180
10182
10220
10258
10299
10302
10318
10363
10375
10382
10397
10421
10516
10530
10606
10629
10656
10667
10693
10696
10812
10838
10860
10866
10874
10890
10909
10932
11144
11154
11174
11208
11267
11308
11343
11369
11378
11403
11404
11481
11533
11547
11552
11581
11600
11618
11641
11644
11664
11674
11691
11703
11707
11731
11752
11786
11809
11891
11896
11955
12008
12011
12026
12036
12049
12051
12052
12060
12062
12068
12073
12211
12266
12330
12348
12356
12360
12363
12369
12373
12374
12384
12389
12410
12413
12446
12448
12473
12476
12490
12503
12521
12558
12570
12575
12577
12622
12623
12637
12640
12641
12645
12650
12660
12742
12758
12781
12783
12795
12796
12797
12835
12873
13610
13688
13856
13901
13928
13936
14008
14198
14526
14541
14593
14702
14795
15069
15202
15318
15456
15457
15553
15579
15720
15721
16126
16432
16505
16548
16555
16600
16678
17005
17144
17478
17726
17743
17750
17830
17929
17961
18091
18163
18403
18411
18542
18570
18649
18729
18973
19166
19350
19393
19561
19675
19721
19828
19880
20053
20117
20204
20395
20415
20482
20512
20598
20618
20626
20750
20765
21055
21135
21178
21186
21207
21231
21371
21573
21742
21776
21792
21928
21936
22103
22293
22509
22517
22592
22752
22779
22921
23026
23042
23085
23229
23297
23393
23473
23501
23536
23579
23660
23712
23819
23835
23887
23931
23975
24010
24053
24109
24205
24248
24272
24328
24432
24440
24441
24459
24476
24643
24766
24942
24969
24985
25081
25129
25232
25304
25320
25419
25487
25582
25590
25778
25785
25953
26201
26403
26470
26614
26825
27043
27334
27422
27430
27562
27633
27684
27756
27828
27887
27888
27959
27983
27991
28222
28345
28484
28804
29209
29612
30402
30680
30681
30737
30940
31500
31974
32651
32678
32707
32803
32870
32942
32986
33137
33823
34032
34666
34673
34746
34817
34833
34948
35044
35124
35167
35238
35263
35554
35685
35917
35991
36397
36468
37154
37161
37284
37568
37584
37807
37875
37955
38093
38156
38420
38659
38682
38762
39220
39490
39538
39571
39642
39693
40125
40272
40416
40440
40539
41080
41187
41292
41355
42140
42200
42286
42534
42550
42585
42796
42877
42906
43123
43350
43449
43481
43553
43757
43772
44134
44206
44274
44329
44506
44601
44644
44768
44943
44951
45306
45728
45751
45911
46077
46392
46578
46674
46690
46877
46886
46922
47002
47379
47466
47677
47730
47896
47941
48144
48291
48347
48486
48506
48653
48725
49015
49154
49373
49429
49488
49656
49680
49905
49971
50017
50550
50606
50623
50788
50876
50948
50972
51086
51263
51369
51625
51633
51692
51960
52038
52090
52230
52329
52337
52396
52476
52695
52708
52716
52813
52898
52978
53065
53110
53225
53613
53640
54114
54148
54594
54704
55001
55212
55213
55511
55597
56223
56274
56573
56611
57154
57509
57568
57665
57808
57809
57817
57904
58246
58318
58334
58560
58675
58683
58771
58819
58975
59010
59045
59089
59176
59192
59248
59328
59396
59408
59459
59483
59619
60097
60186
60206
60442
60468
60506
60580
60599
60628
60871
60943
60986
61188
61241
61313
61399
61567
61621
61743
61815
61946
61955
62092
62148
62308
62341
62498
63079
63132
63335
63467
63715
63765
63773
63781
63830
64186
64194
64282
64311
64390
64450
64557
64929
64936
64961
64995
65008
65154
65285
65306
65307
65330
65365
65402
65541
65752
65875
66093
66157
66181
66245
66325
66376
66384
66739
66800
67360
67467
67847
68144
68196
68591
68857
69032
69199
69550
69649
69796
70033
70092
70228
70308
70332
70500
70519
70578
71175
71176
71475
71563
72696
72726
72980
72996
73139
73219
75033
75034
75070
75100
75107
75175
75182
75186
75215
75222
75224
75233
75241
75285
75316
75326
75342
75460
75470
75489
75510
75526
75573
75591
75603
75607
75654
75672
75694
75825
75828
75853
75854
75860
75905
75912
75976
76076
76081
76082
76095
76123
76127
76135
76138
76185
76201
76207
76215
76224
76226
76230
76279
76282
76392
76477
76504
76515
76568
76573
76584
76586
76591
76605
76613
76614
76624
76639
76644
76661
76684
76695
76697
76708
76709
76711
76712
76732
76744
76750
76752
76788
76795
76798
76804
76837
76838
76841
76847
76856
76888
76978
77007
77037
77114
77117
77120
77157
77175
77178
77191
77205
77271
77274
77279
77281
77292
77300
77338
77340
77354
77357
77366
77413
77418
77420
77437
77447
77453
77462
77478
77496
77516
77520
77584
77595
77605
77606
77610
77643
77649
77659
77661
77668
77669
77679
77699
77702
77730
77763
77768
77780
77785
77862
77902
77917
77918
77971
78001
78015
78034
78038
78066
78137
78156
78170
78172
78186
78840
78841
78875
78877
78963
78975
78977
78981
78987
78990
78999
79025
79037
79039
79089
79094
79103
79108
79195
79198
79210
79244
79248
79265
79299
79303
79323
79336
79338
79444
79516
79545
79564
79588
79611
79628
79637
79667
79668
79678
79686
79698
79758
79785
79796
79839
79841
79857
79859
79866
79878
79879
79881
79906
79909
79915
80034
80054
80072
80080
80113
80128
80167
80169
80185
80191
80193
80204
80223
80254
80266
80286
80303
80306
80320
80362
80375
80415
80432
80485
80539
80563
80575
80719
80759
80791
80795
80864
80918
80924
80926
80928
80943
80987
81055
81061
81095
81103
81116
81128
81138
81173
81220
81222
81241
81282
81294
81481
81540
81541
81564
81577
81621
81655
81666
81677
81678
81696
81705
81736
81740
81774
81776
81857
82107
82156
82179
82196
82212
82266
82272
82287
82292
82298
82307
82508
82515
82547
82575
82581
82598
82599
82607
82618
82634
82642
82643
82649
82651
82686
82694
82699
82702
82759
82775
82777
82779
82855
83011
83111
83112
83120
83124
83143
83148
83186
83233
83244
83272
83291
83366
83405
83421
83422
83435
83462
83509
83520
83534
83597
83601
83616
83621
83633
83661
83671
83756
83799
83815
83822
83834
83862
83879
83883
83885
83906
83950
83961
83976
84007
84010
84032
84041
84042
84052
84062
84084
84103
84129
84168
84172
84176
84226
84255
84262
84275
84319
84342
84348
84372
84373
84375
84381
84403
84413
84519
84588
84597
84604
84606
84607
84624
84636
84656
84723
84761
84769
84776
84788
84808
84827
85002
85035
85067
85072
85168
85173
85176
85177
85198
85208
85246
85257
85269
85271
85280
85293
85348
85349
85372
85390
85424
85427
85459
85488
85522
85567
85571
85593
85621
85627
85631
85645
85653
85663
85675
85686
85710
85724
85726
85738
85741
85753
85789
85792
85796
85860
85908
85909
85913
85914
85926
85931
85951
85963
85972
85991
85992
85994
86004
86021
86026
86042
86047
86097
86102
86128
86136
86150
86158
86165
86196
86211
86228
86233
86288
86305
86356
86432
86440
86489
86544
86547
86580
86594
86717
86719
86720
86778
86783
86799
86809
86810
86822
86827
86866
86868
86876
86881
86889
86896
86899
86946
86949
86964
86979
86989
86996
87000
87006
87020
87034
87043
87055
87056
87066
87075
87077
87078
87084
87086
87137
87139
87162
87167
87179
87184
87236
87255
87261
87264
87267
87299
87356
87390
87394
87415
87426
87430
87432
87445
87447
87487
87508
87541
87612
87632
87657
87659
87717
87789
87812
87842
87952
88031
88148
88152
88159
88172
88174
88182
88195
88197
88208
88264
88281
88284
88313
88319
88331
88332
88343
88352
88379
88417
88421
88439
88446
88451
88458
88468
88511
88545
88574
88590
88597
88615
88661
88664
88668
88740
88790
88795
88810
88841
88845
88853
88860
88863
88865
88871
88873
88897
88905
88912
88924
88940
88949
88988
88991
89002
89003
89004
89006
89008
89014
89031
89036
89070
89105
89110
89169
89179
89195
89203
89207
89213
89216
89217
89230
89244
89252
89258
89269
89289
89290
89297
89301
89307
89323
89327
89353
89386
89387
89393
89394
89397
89399
89406
89409
89413
89445
89447
89449
89453
89455
89471
89506
89508
89509
89525
89533
89540
89546
89572
89574
89606
89611
89617
89626
89753
89757
89781
89792
89793
89800
89824
89826
89841
89866
89875
89876
89898
89900
89901
89904
89908
89922
89946
89952
89968
89971
90011
90012
90029
90038
90067
90071
90090
90097
90098
90101
90126
90162
90164
90177
90178
90187
90188
90192
90199
90200
90215
90233
90248
90249
90272
90276
90285
90312
90314
90319
90353
90354
90374
90377
90386
90400
90404
90409
90423
90427
90436
90440
90441
90454
90455
90458
90492
90494
90505
90507
90520
90531
90533
90550
90558
90564
90569
90601
90634
90643
90657
90664
90672
90706
90715
90734
90742
90748
90751
90756
90763
90775
90776
90783
90786
90795
90803
90805
90807
90808
90825
90829
90833
90870
90871
90880
90885
90900
90907
90914
90925
90940
90951
90955
90957
90963
90968
90971
90978
90979
90984
90988
90992
90993
91018
91020
91021
91040
91041
91063
91068
91073
91075
91086
91090
91095
91099
91103
91109
91114
91128
91141
91152
91161
91186
91204
91207
91233
91234
91237
91262
91277
91365
91366
91391
91392
91402
91403
91413
91416
91428
91432
91461
91463
91468
91486
91488
91498
91516
91531
91547
91556
91571
91575
91579
91594
91605
91611
91614
91616
91650
91658
91659
91665
91668
91678
91688
91727
91733
91750
91814
91815
91822
91832
91849
91854
91883
91900
91902
91910
91915
91926
91937
91965
91975
91977
91983
92021
92029
92034
92035
92038
92043
92044
92050
92095
92102
92121
92177
92184
92188
92203
92205
92210
92220
92221
92227
92232
92239
92245
92257
92293
92294
92296
92302
92322
92326
92395
92400
92402
92421
92428
92429
92432
92448
92454
92457
92464
92467
92469
92471
92478
92493
92530
92570
92571
92594
92596
92597
92601
92611
92614
92618
92621
92635
92648
92655
92709
92729
92765
92771
92778
92782
92852
92854
92871
92890
92894
92917
92924
92931
92940
92984
93031
93071
93079
93089
93095
93096
93098
93101
93132
93149
93150
93175
93223
93233
93264
93272
93289
93305
93330
93373
93374
93420
93422
93423
93428
93429
93436
